name: kleborate_env
channels:
  - conda-forge
  - bioconda
  - defaults
dependencies:
  - _libgcc_mutex=0.1=conda_forge
  - _openmp_mutex=4.5=1_gnu
  - any2fasta=0.4.2=1
  - biopython=1.77=py39h27cfd23_0
  - blast=2.12.0=hf3cf87c_4
  - bzip2=1.0.8=h7f98852_4
  - c-ares=1.18.1=h7f98852_0
  - ca-certificates=2021.10.8=ha878542_0
  - capnproto=0.9.1=ha19adfc_4
  - curl=7.82.0=h2283fc2_0
  - entrez-direct=16.2=he881be0_0
  - gsl=2.7=he838d99_0
  - kaptive=2.0.0=pyhdfd78af_0
  - keyutils=1.6.1=h166bdaf_0
  - kleborate=2.2.0=pyhdfd78af_0
  - krb5=1.19.3=h08a2579_0
  - ld_impl_linux-64=2.36.1=hea4e1c9_2
  - libblas=3.9.0=13_linux64_openblas
  - libcblas=3.9.0=13_linux64_openblas
  - libcurl=7.82.0=h2283fc2_0
  - libedit=3.1.20191231=he28a2e2_2
  - libev=4.33=h516909a_1
  - libffi=3.4.2=h7f98852_5
  - libgcc-ng=11.2.0=h1d223b6_14
  - libgfortran-ng=11.2.0=h69a702a_14
  - libgfortran5=11.2.0=h5c6108e_14
  - libgomp=11.2.0=h1d223b6_14
  - liblapack=3.9.0=13_linux64_openblas
  - libnghttp2=1.47.0=he49606f_0
  - libnsl=2.0.0=h7f98852_0
  - libopenblas=0.3.18=pthreads_h8fe5266_0
  - libssh2=1.10.0=ha35d2d1_2
  - libstdcxx-ng=11.2.0=he4da1e4_14
  - libuuid=2.32.1=h7f98852_1000
  - libzlib=1.2.11=h36c2ea0_1013
  - mash=2.3=ha9a2dd8_3
  - ncurses=6.3=h9c3ff4c_0
  - numpy=1.22.3=py39h18676bf_0
  - openssl=3.0.0=h7f98852_2
  - pcre=8.45=h9c3ff4c_0
  - perl=5.32.1=2_h7f98852_perl5
  - perl-archive-tar=2.40=pl5321hdfd78af_0
  - perl-carp=1.38=pl5321hdfd78af_4
  - perl-common-sense=3.75=pl5321hdfd78af_0
  - perl-compress-raw-bzip2=2.101=pl5321h87f3376_1
  - perl-compress-raw-zlib=2.101=pl5321h87f3376_2
  - perl-encode=3.16=pl5321hec16e2b_1
  - perl-exporter=5.72=pl5321hdfd78af_2
  - perl-exporter-tiny=1.002002=pl5321hdfd78af_0
  - perl-extutils-makemaker=6.66=0
  - perl-io-compress=2.102=pl5321h87f3376_1
  - perl-io-zlib=1.11=pl5321hdfd78af_0
  - perl-json=4.05=pl5321hdfd78af_0
  - perl-json-xs=2.34=pl5321h9f5acd7_5
  - perl-list-moreutils=0.430=pl5321hdfd78af_0
  - perl-list-moreutils-xs=0.430=pl5321hec16e2b_1
  - perl-parent=0.236=pl5321hdfd78af_2
  - perl-pathtools=3.75=pl5321hec16e2b_3
  - perl-scalar-list-utils=1.61=pl5321hec16e2b_1
  - perl-threaded=5.32.1=hdfd78af_1
  - perl-types-serialiser=1.01=pl5321hdfd78af_0
  - pip=22.0.4=pyhd8ed1ab_0
  - python=3.9.10=hc74c709_2_cpython
  - python_abi=3.9=2_cp39
  - readline=8.1=h46c0cb4_0
  - setuptools=60.9.3=py39hf3d152e_0
  - sqlite=3.37.1=h4ff8645_0
  - tk=8.6.12=h27826a3_0
  - tzdata=2022a=h191b570_0
  - wheel=0.37.1=pyhd8ed1ab_0
  - xz=5.2.5=h516909a_1
  - zlib=1.2.11=h36c2ea0_1013
prefix: /home/hugo.avila/miniconda3/envs/kleborate_env
