name: ppanggolin_env
channels:
  - bioconda
  - conda-forge
  - defaults
dependencies:
  - _libgcc_mutex=0.1=conda_forge
  - _openmp_mutex=4.5=2_gnu
  - aragorn=1.2.41=hec16e2b_0
  - blosc=1.21.1=h83bc5f7_3
  - bokeh=2.3.3=py36h5fab9bb_0
  - bzip2=1.0.8=h7f98852_4
  - c-ares=1.11.0=h470a237_1
  - ca-certificates=2022.6.15=ha878542_0
  - colorlover=0.3.0=py_0
  - decorator=4.4.2=py_0
  - freetype=2.12.1=hca18f0e_0
  - gawk=5.1.0=h7f98852_0
  - gettext=0.19.8.1=h73d1719_1008
  - gmp=6.2.1=h58526e2_0
  - gmpy2=2.1.0b5=py36h3f4d9dc_0
  - hdf5=1.10.6=nompi_h6a2412b_1114
  - infernal=1.1.4=pl5321hec16e2b_1
  - jinja2=3.0.3=pyhd8ed1ab_0
  - jpeg=9e=h166bdaf_2
  - krb5=1.17.2=h926e7f8_0
  - lcms2=2.12=hddcbb42_0
  - ld_impl_linux-64=2.36.1=hea4e1c9_2
  - libblas=3.9.0=16_linux64_openblas
  - libcblas=3.9.0=16_linux64_openblas
  - libcurl=7.71.1=hcdd3856_8
  - libedit=3.1.20191231=he28a2e2_2
  - libev=4.33=h516909a_1
  - libffi=3.4.2=h7f98852_5
  - libgcc-ng=12.1.0=h8d9b700_16
  - libgfortran-ng=12.1.0=h69a702a_16
  - libgfortran5=12.1.0=hdcd56e2_16
  - libgomp=12.1.0=h8d9b700_16
  - libidn2=2.3.3=h166bdaf_0
  - liblapack=3.9.0=16_linux64_openblas
  - libnghttp2=1.41.0=hab1572f_1
  - libnsl=2.0.0=h7f98852_0
  - libopenblas=0.3.21=pthreads_h78a6416_3
  - libpng=1.6.37=h753d276_4
  - libsqlite=3.39.3=h753d276_0
  - libssh2=1.10.0=haa6b8db_3
  - libstdcxx-ng=12.1.0=ha89aaad_16
  - libtiff=4.2.0=hf544144_3
  - libunistring=0.9.10=h7f98852_0
  - libwebp-base=1.2.4=h166bdaf_0
  - libzlib=1.2.12=h166bdaf_2
  - lz4-c=1.9.3=h9c3ff4c_1
  - lzo=2.10=h516909a_1000
  - mafft=7.505=hec16e2b_0
  - markupsafe=2.0.1=py36h8f6f2f9_0
  - mmseqs2=13.45111=pl5321hf1761c0_2
  - mock=4.0.3=py36h5fab9bb_1
  - mpc=1.2.1=h9f54685_0
  - mpfr=4.1.0=h9202a9a_1
  - ncurses=6.3=h27087fc_1
  - networkx=2.5.1=pyhd8ed1ab_0
  - numexpr=2.7.3=py36h0cdc3f0_0
  - numpy=1.19.5=py36hfc0c790_2
  - olefile=0.46=pyh9f0ad1d_1
  - openjpeg=2.4.0=hb52868f_1
  - openssl=1.1.1q=h166bdaf_0
  - packaging=21.3=pyhd8ed1ab_0
  - pandas=0.25.3=py36hb3f55d8_0
  - perl=5.32.1=2_h7f98852_perl5
  - pillow=8.2.0=py36ha6010c0_1
  - pip=21.3.1=pyhd8ed1ab_0
  - plotly=4.14.3=pyh44b312d_0
  - ppanggolin=1.2.74=py36h91eb985_1
  - prodigal=2.6.3=hec16e2b_4
  - pyparsing=3.0.9=pyhd8ed1ab_0
  - pytables=3.6.1=py36hb7ec5aa_3
  - python=3.6.15=hb7a2778_0_cpython
  - python-dateutil=2.8.2=pyhd8ed1ab_0
  - python_abi=3.6=2_cp36m
  - pytz=2022.2.1=pyhd8ed1ab_0
  - pyyaml=5.4.1=py36h8f6f2f9_1
  - readline=8.1.2=h0f457ee_0
  - retrying=1.3.3=py_2
  - scipy=1.5.3=py36h81d768a_1
  - setuptools=58.0.4=py36h5fab9bb_2
  - six=1.16.0=pyh6c4a22f_0
  - snappy=1.1.9=hbd366e4_1
  - sqlite=3.39.3=h4ff8645_0
  - tk=8.6.12=h27826a3_0
  - tornado=6.1=py36h8f6f2f9_1
  - tqdm=4.7.2=py36_0
  - typing_extensions=4.1.1=pyha770c72_0
  - wget=1.20.3=ha56f1ee_1
  - wheel=0.37.1=pyhd8ed1ab_0
  - xz=5.2.6=h166bdaf_0
  - yaml=0.2.5=h7f98852_2
  - zlib=1.2.12=h166bdaf_2
  - zstd=1.5.2=h6239696_4
prefix: /home/hugo/miniconda3/envs/ppanggolin_env
